
 95.71706334879268 9161.75621611679 134563.891557189
 97.934465535904 9591.159539803168 140940.8582670919
 60.45109519235378 3654.334909955018 53011.59518413109
 6.756219283223301 45.64649900299838 492.0602545314782
 68.35361671103135 4672.216917478584 68041.81169516925
 15.92036148080381 253.4579096794616 3334.417583081205
 17.53570331812268 307.5008908612188 4097.504954792088
 0.6906999930566138 0.4770664804084063 -3.515011020422799
 50.68510533185634 2568.979902501372 37023.51315011737
 66.07634976277399 4366.083997972441 63517.73009454573
 25.38780771862757 644.5407807580057 8915.588516952665
 12.68627345591559 160.9415341982685 2043.824741602119
 27.97045267991153 782.3462231191704 10905.52444178927
 11.63107224445449 135.2818415557196 1690.588847816219
 43.26335539800502 1871.71792029409 26788.12314771134
 61.72160185803467 3809.556135921749 55301.45092376725
 29.57461611751559 874.6579184984129 12242.44709599107
 23.93416396851849 572.8442048719288 7883.310074687404
 60.86202005568133 3704.185485258157 53746.24852181361
 78.57498168377981 6174.027746606333 90262.28817050619
 38.20839389846512 1459.881364300267 20762.80879529205
 24.5954612236221 604.9367128026983 8347.605231093641
 31.0109211109415 961.677228149037 13504.60081329265
 51.70790708724735 2673.707655343404 38563.41683548198
 4.431584409445715 19.63894037804232 171.9867529068066
 31.39299370073119 985.5200534941483 13851.09865561221
 93.4935323617643 8741.040593480267 128321.3939451158
 68.11527790830625 4639.691084525794 67561.1412278073
 18.07655055050964 326.7616798051305 4368.259289265518
 88.13467253242304 7767.720502397444 113883.0523609264
 36.94546965924343 1364.967728342077 19375.25146483982
 28.61735272883978 818.9528772068336 11435.74552616019
 92.38516375256478 8535.018481588209 125263.536489944
 93.30727041624456 8706.246712530188 127804.2730484711
 8.189173518003205 67.06256290796499 771.4888091466504
 38.32243318163692 1468.608884961027 20889.77669811427
 66.19041244870348 4381.170700129481 63740.39846933432
 74.24298370753324 5512.020629797046 80463.46252864959
 82.0362998512548 6729.954493284988 98499.59316762032
 58.45332828558603 3416.791587662491 49508.04575599829
 60.84011965435392 3701.520159556102 53706.5066734244
 99.2717526187694 9854.880868002148 144855.55507155
 81.41275414922318 6628.036538161856 96987.5176861028
 99.61503938782803 9923.156072238531 145869.3133478382
 71.92450288066252 5173.13411463043 75450.22590752688
 46.81282553901367 2191.440634946131 31478.29244567941
 72.46080851840485 5250.568771140933 76594.12564791317
 3.358180817364646 11.27737840211588 78.30720703598794
 42.40597527782147 1798.266739263206 25712.93582369214
 53.16949302200091 2826.994988216604 40819.73160840675
 35.35302098633484 1249.836092860232 17698.08519176539
 7.654386651397542 58.58963500909287 658.6838803662835
 54.13341727425721 2930.426865788849 42342.7479308467
 64.08197920143041 4106.50005837256 59683.57808300084
 41.57135189543372 1728.177298413981 24686.20529668616
 69.44857659695377 4823.104791342955 70272.51078549444
 11.89644386403002 141.5253766100175 1775.284887223482
 70.95685041362782 5034.874620621955 73404.09579641868
 91.12030984000579 8302.910865338656 121820.0350026058
 4.175911204110276 17.43823438461374 145.4714594779545
 74.75933436368635 5588.958074501455 81600.80252702125
 20.09966973464942 403.9967234419819 5466.643800815258
 82.77611024776516 6851.884427750172 100303.8827611053
 52.21804792740181 2726.724529348433 39344.30211667653
 90.81627840061286 8247.596422537621 120998.2344228611
 42.85109599007004 1836.216427550196 26267.85509665813
 28.25394336459513 798.2853156497492 11137.23812551939
 29.87252342998576 892.3676560750481 12498.56017738732
 91.61710603776639 8393.694118735331 123166.6627542613
 20.59470106164947 424.141711818706 5753.99170251542
 49.95374701759188 2495.376841097569 35941.17556114506
 21.95043233007928 481.8214794773896 6578.029349393412
 46.46873829924908 2159.343639124098 31006.16727706599
 69.72363451561984 4861.385210067734 70838.65753518061
 88.66180475101299 7860.91562170675 115265.2383326414
 29.92954822582195 895.7778570018019 12549.74396401563
 35.83608171817652 1284.224752911826 18198.02482309569
 68.38433163661699 4676.416813386815 68104.64617014286
 78.56987952659279 6173.225968823304 90251.72805974726
 97.4775551487036 9501.873757768552 139615.147690403
 82.7252009779244 6843.458876837984 100180.5951547712
 36.10316619845062 1303.438609552948 18478.50307045454
 75.12493474534128 5643.755820491785 82413.54147053145
 84.90200355757604 7208.350208090654 105587.3917211015
 65.44934608722734 4283.616903245661 62301.7828357335
 0.937517275547577 0.8789386419501515 -4.746560671999651
 4.543430662011098 20.64276218050261 183.7391997059041
 65.55465200151093 4297.412399039201 62503.06254745323
 78.5855139964016 6175.683010078632 90287.04985574524
 34.3147155492274 1177.499703224389 16642.83257506206
 81.22474258101694 6597.458807352466 96535.18156728441
 50.62664820646808 2563.057508621478 36937.46296368656
 0.8348586627628763 0.6969889867902181 -3.328029190577099
 66.17660663291744 4379.343265447893 63714.93505493254
 82.23045887726404 6761.848367165413 98970.24527697157
 45.32398185944572 2054.263331595365 29463.73138334841
 73.54155151891328 5408.359799808976 78930.17456147392
 92.63582247787102 8581.395606151633 125952.5692406319
 52.06258738973889 2710.513005714199 39105.6390655358
 12.34635218478876 152.4324122708382 1924.803401303733
 4.735645246667601 22.42633590228544 202.8514775370365
 20.50730914146503 420.5497282236151 5701.684480579472
 11.51340801433548 132.5585641045645 1653.747462987069
 2.181863322271309 4.760527557072795 14.52717780660588
 51.55844003663853 2658.272739011651 38338.21280130919
 42.9024366021326 1840.619066400007 26332.69826681334
 16.07636742576284 258.4495896081286 3403.279919080379
 24.96561051840174 623.2817085565317 8609.077782567289
 7.540410549242142 56.85779125112218 636.3878207602615
 62.82580400237955 3947.08164854541 57330.22993308659
 10.35187929555172 107.1614049496723 1307.463290457293
 7.427435422424892 55.16679695429204 614.7631517251112
 18.58455738683489 345.3857732645595 4632.688108464395
 38.31090324079013 1467.725307125183 20877.64744703341
 49.74270911730178 2474.337110328498 35632.06607750525
 31.17955000567971 972.1643385566815 13655.90027424819
 13.48621332519114 181.877949852563 2332.554367487367
 96.49342110029994 9310.98031563981 136780.4238160011
 79.55892970722995 6329.623296159956 92568.91728218594
 69.1880139165053 4786.981269710531 69740.01629747215
 16.06529948120873 258.0938474209256 3400.035128481226
 78.65577446244964 6186.730856287745 90451.0352588339
 18.4435722275751 340.1653565137794 4559.043644644238
 76.93092973348023 5918.367949657672 86478.27092311569
 32.08300066412252 1029.318931614086 14487.12046451451
 57.85311123588534 3346.982479671723 48480.4310434326
 76.75419877172884 5891.207029090061 86075.73587341729
 60.57874665621165 3669.784546437474 53238.80263965303
 48.82846425647967 2384.218921646313 34308.01643195114
 46.46619156737506 2159.106958775998 31003.64383277911
 16.36162673831563 267.702829523965 3534.466612425072
 46.77121697303708 2187.546737138912 31419.31020756454
 48.35216547187167 2337.931905819259 33627.81634561137
 61.23363213510993 3749.557704457967 54415.63120472069
 28.40664442801258 806.9374476595382 11262.07666772327
 66.8268933684765 4465.833677281729 64993.29975240712
 93.65162361917031 8770.626606506738 128760.8229312329
 34.35643294092627 1180.364484424364 16684.32224030441
 46.69144790275129 2180.091307255338 31309.6829134316
 98.45762770493702 9693.904453283983 142464.5744728481
 54.82906280399082 3006.226127963969 43458.60096219408
 69.38683145197251 4814.532378944442 70145.23949047679
 42.96811578561534 1846.258974166046 26414.97755508676
 24.4337229875215 597.0068190309363 8232.097448649994
 89.64643708228539 8036.483681548153 117867.2922883484
 62.59482108148556 3918.111626223189 56903.50569957137
 94.93869047843449 9013.354949759989 132362.2713766363
 68.77421323418828 4729.892405981598 68893.94765082267
 67.9540551112583 4617.75360606393 67236.70036086025
 48.72621276013957 2374.243809946388 34161.3944024841
 80.13889780170825 6422.24294087264 93939.40819444669
 67.60532206975587 4570.47957215542 66539.59635748195
 21.56619979929178 465.1009737829729 6340.28481142788
 46.59002984642554 2170.630881090823 31172.56197071135
 99.79447669909005 9958.937579645228 146398.973337297
 12.32629784285728 151.9376185108281 1919.164285645983
 57.84376469240187 3345.901113789957 48462.99679718829
 18.2432511207181 332.8162114535823 4453.878483114912
 27.27185136429929 743.7538768364329 10348.36119027032
 47.8878806425679 2293.249112436829 32972.02422192969
 34.89613284385387 1217.740087455897 17228.96732337269
 30.19621656954675 911.8114951149694 12780.51811332551
 17.80298507400076 316.9462775450938 4228.676342262565
 97.9493283397247 9594.070922203196 140981.6311225271
 59.57755571291246 3549.485144725188 51463.50199926395
 80.37242675496522 6459.726982482249 94495.13744326553
 32.34638136428445 1046.288387363729 14733.68652062276
 60.66180461819857 3679.854539536497 53387.87317318472
 69.03752075773507 4766.1792723747 69432.14788994081
 72.57043769106157 5266.46842667225 76830.39768275521
 99.44662404795204 9889.631034534714 145370.9122664891
 73.57811472557646 5413.738966570091 79008.08225286427
 9.279952849500354 86.11752488894975 1023.134266942318
 84.9220658571834 7211.757269451794 105638.1795868889
 89.56236259965263 8021.416794431656 117644.6621565339
 58.35109798329172 3404.850635855712 49331.84456908801
 87.37926109408514 7635.1352693483 111916.9677945095
 99.99426633194449 9998.853299263847 146991.7394161461
 95.87737911681879 9192.471826310199 135020.7078252037
 39.98385929790698 1598.709004354823 22790.1988508424
 45.23346830882968 2046.066655245899 29344.90412746922
 92.36097833487754 8530.550318975718 125196.7502667852
 18.10801549934931 327.9002253246749 4385.47558177064
 31.46252475965821 989.8904642521061 13915.63031535639
 6.173652877485263 38.11398985168206 395.5200045141356
 86.81521351728253 7536.881298051355 110457.2767119647
 67.44739556667558 4549.151168727609 66224.31937726687
 20.18005269424305 407.2345267424261 5513.346535628922
 95.95506982116427 9207.375424384511 135243.056957662
 10.98710396493996 120.7164535363995 1490.706709110872
 76.33369325169905 5826.832725444485 85121.45640810927
 72.23896968706293 5218.468741448398 76118.39541472726
 18.24162955751543 332.7570489136206 4454.457467811851
 29.04509418541167 843.617496239435 11792.50811109377
 32.1286840492924 1032.252338739256 14528.66001132389
 83.3473479780025 6946.780414966238 101709.9224598231
 58.48778955917597 3420.821527518454 49566.67695177844
 79.64903325108548 6343.968497832521 92779.97077457354
 89.72920888891889 8051.330927831241 118088.3051317105
 18.02438700990982 324.8785270830058 4343.583068982465
 6.448086630248855 41.57782119119403 440.9561544809686
 67.51341403587689 4558.061074779739 66356.32454282293
 53.66862105779734 2880.320886245448 41606.12359248283
 27.99728074789519 783.8477292764624 10927.22984352257
 89.47079835971367 8005.023759124542 117401.5750274447
 35.86187277745779 1286.073919106568 18225.1569903323
 44.58186004091619 1987.54224470784 28484.47138188517
 60.46838387816066 3656.4254488366 53042.29989058855
 0.7135294322825492 0.5091242507334569 -4.455384009414295
 37.358762615369 1395.677144151492 19825.85596810601
 1.48332705853657 2.200259162586752 -2.426585762660528
 41.79516816140131 1746.836081639814 24959.24533597133
 78.89614553927193 6224.601780953978 91012.80265915519
 49.7137755113885 2471.45947559673 35590.20658899239
 57.75653931488564 3335.817833631931 48313.27200967839
 14.52388721056844 210.9432997053134 2739.684859371003
 48.67884585411807 2369.630033688988 34095.40570714075
 19.89974391888599 395.9998080372399 5353.071694221317
 21.27205864307775 452.5004789145386 6160.445397513188
 56.02250015778667 3138.520523929207 45407.24049185542
 45.29909535370037 2052.008039863639 29431.59274254612
 19.27410073837807 371.4909592731461 5004.744946289125
 13.52288618586056 182.8684507957382 2347.039427051019
 70.74595204463327 5004.989730701551 72963.74500183498
 36.26205009854323 1314.936277349259 18645.23002318511
 68.76155179660361 4728.151005477001 68869.6444611662
 35.05066498017825 1228.549115552694 17385.53458935193
 0.2095772413034535 0.04392262007236599 5.36461241993484
 96.16320327789408 9247.361664665579 135837.0184972807
 30.97451708856572 959.4207088698497 13473.56024434735
 90.0966225036866 8117.401386571807 119068.2918629468
 13.46816764886925 181.3915398180483 2326.7806134211
 99.54163433294447 9908.536965673629 145650.5996937702
 5.531811587886852 30.60093944387926 302.5116501711491
 6.382994062580531 40.74261320293832 429.4099903465587
 70.76032492836066 5007.023583967179 72991.60800830876
 39.91101754513206 1592.889321487839 22705.78156063593
 19.33622669642437 373.8896628555145 5039.018038204174
 76.53147046323264 5857.065971264649 85568.84418640169
 72.44831983368748 5248.759046724274 76566.9321678444
 81.01482745775492 6563.402268009801 96030.40467963752
 86.38883431758512 7463.030694751173 109364.9775557576
 38.45316338731548 1478.645774491579 21037.3791632316
 51.41482922139591 2643.484663865306 38119.73043188151
 63.19702187981062 3993.863574477262 58021.82974724896
 75.73718964460879 5736.121895263437 83780.21833972802
 50.37006623939377 2537.143572960916 36554.79797522331
 88.99435045851635 7919.99441353323 116140.7178210067
 43.81283863973657 1919.564829671594 27488.08892618676
 7.312159822369684 53.46768126787745 592.5327315076196
 21.25167850680652 451.6338393566622 6145.536181879635
 64.46502651118625 4155.739643087946 60413.58066131893
 86.57718615825551 7495.609163081231 109845.9303977361
 73.41193120134054 5389.311642710356 78648.38804798157
 78.0760304650464 6095.866533178853 89105.04410100168
 18.76311987035434 352.054667269286 4728.057364513736
 5.839641882291128 34.10141731340867 345.4585976772095
 13.98918696595555 195.6973519684607 2526.941922474114
 32.76293197534307 1073.409711620958 15127.36510777981
 57.42891936757096 3298.080779726967 47757.15961850733
 17.24179467696681 297.279483682681 3950.451929452021
 57.9777465633785 3361.419096567347 48692.03547578746
 70.17824473145718 4924.986033588298 71780.28613697551
 34.46462534972169 1187.810400496679 16793.80759987997
 78.94615736351481 6232.495762464844 91127.68408780066
 14.14041796265846 199.9514201586742 2584.212388361655
 44.91762010185008 2017.592595614127 28926.3723473404
 68.47707431761815 4689.109707100599 68291.33337987622
 97.75386051750519 9555.81724607586 140415.7836945279
 56.2731319270396 3166.665376878003 45823.06552831132
 74.73174346883415 5584.833481891636 81540.21262468974
 30.9856505649343 960.1105409322136 13482.50299333627
 96.99736224657229 9408.488282792769 138227.0297960874
 57.85437048714689 3347.128184464053 48481.72588805822
 76.21821836035694 5809.216810027052 84861.16899007469
 3.402324306483699 11.57581068648978 81.99877884097464
 51.5361355768596 2655.973270196454 38304.66500363409
 97.53058591487424 9512.215188898665 139767.6200695836
 90.01908669018857 8103.435968535686 118859.4709700334
 42.10631117985823 1772.941441175054 25341.69826430347
 50.75683435226388 2576.256233463155 37130.5069072617
 82.13311620944995 6745.848778275011 98734.91769854614
 99.14005376401772 9828.750260332325 144467.3258756965
 58.89706435458848 3468.864189588537 50275.86826076327
 11.34390522773478 128.6841858158284 1600.891488012645
 61.36476274878778 3765.634107215013 54653.27157734362
 18.59225348686945 345.6718897200093 4636.398001319121
 73.42062236170248 5390.587787979727 78667.08090718927
 37.22334851851738 1385.57767493101 19677.8162207065
 14.77685848333596 218.3555466365379 2841.389378336597
 5.867561598340269 34.42827911031741 350.8470332033341
 17.42685953782679 303.6954333511447 4041.321250905246
 94.17742532303873 8869.387440476537 130224.0589625732
 78.81791702713109 6212.264044495721 90830.70892667236
 94.23432660908213 8880.108311467166 130384.1374687312
 21.85966698142751 477.8450405389122 6520.7280576551
 36.67587635377741 1345.119906317569 19086.62134639108
 22.18986904005622 492.3902880148454 6729.30347264524
 99.33445882783933 9867.334710619707 145039.833331096
 13.35278537248392 178.2968772036205 2283.851766623148
 7.648641077891987 58.50171033841669 657.3300592369699
 19.89955561090089 395.9923135113372 5351.809465602531
 91.64720845922274 8399.210818368229 123247.3605778357
 14.93563188530905 223.0730998134603 2908.628916808309
 44.12678257231878 1947.172940184696 27892.98577910654
 17.17303680493151 294.9131931035324 3919.887285889656
 65.88888088167269 4341.344623839253 63152.48689354557
 90.60367927350838 8209.026697896772 120428.0256467178
 2.63968197140984 6.967920910186137 35.83666479538903
 5.660052747765325 32.0361971074858 320.1087844945405
 72.65493122236533 5278.739030926637 77011.74542006804
 0.4134042389291537 0.1709030647645928 0.09172048770766816
 0.8832019024376737 0.7800456004695261 -5.025987672110237
 52.07856000828611 2712.176412536658 39131.0265896346
 11.24558345459324 126.4631472342212 1569.938854616585
 76.28893219234074 5820.001175047563 85021.80392171191
 51.94553336159417 2698.338436220493 38927.35560100633
 19.78617714953571 391.4928061928089 5289.122581245618
 94.88345741709801 9002.870491422253 132207.9284258824
 11.35518200055773 128.9401582657903 1604.376006345963
 90.48577220315539 8187.674971201329 120110.7432758203
 58.60492610437323 3434.537363699048 49771.24316223201
 42.24887893125478 1784.967770947824 25516.5982764333
 17.53042752179194 307.3158890968004 4095.027128912043
 15.52824705864906 241.1264567144433 3160.583882756572
 9.675367323022769 93.61273283541678 1123.244486390119
 72.75075553267287 5292.672430574732 77216.28621276077
 48.59498518831249 2361.47258545231 33975.61837037968
 23.48330034013171 551.4653948648303 7578.376783712565
 55.00356547076146 3025.392214496342 43741.10960003727
 44.56352458906759 1985.907723800432 28462.97543449829
 41.48241437404711 1720.79070230015 24578.19310355123
 66.09787430913123 4368.92898818571 63559.71191794464
 74.20187401631155 5505.918107532571 80374.17040548385
 62.16571242298519 3864.575801057295 56114.05907977822
 95.35928743952738 9093.393700974404 133551.3628128608
 97.13943398173559 9436.069634291967 138635.4710912386
 63.62451794142822 4048.079283279122 58821.13538536586
 91.61823865963872 8393.90165509452 123171.1350256391
 41.1024985012464 1689.415383044963 24117.33444511171
 84.43755367524565 7129.700470659991 104422.2169682193
 24.37223908249132 594.0060378941171 8190.342818977551
 0.2466820915450185 0.06085205428902488 4.642078850441229
 49.73705015960543 2473.774158579107 35625.85080058807
 1.294968174968518 1.676942574181295 -3.207569276019424
 22.67279140168952 514.0554699445263 7041.820737694854
 81.65695902206957 6667.85895673195 97578.53660374842
 71.68818797673184 5139.19629538724 74947.28195621706
 70.35265116366681 4949.495525756588 72140.51124460733
 97.6317121618663 9531.951219657512 140060.6511622174
 74.36221958619385 5529.739701785312 80724.51571264291
 29.68445852789758 881.1670780944713 12337.39443025799
 22.75534364711754 517.8056644984125 7094.272536650049
 61.299434116063 3757.620622949548 54536.47890317192
 9.066895458015004 82.20859324657312 971.1751568490675
 76.29940841262733 5821.599724116906 85045.45691781736
 55.587476594883 3089.967554186665 44691.33962937237
 63.2862623624331 4005.151003806716 58187.80828047393
 60.36391814084373 3643.802613314483 52855.94601842287
 91.438300440318 8360.962787413859 122682.29476847
 75.37272029994631 5681.046965413939 82963.16784576667
 75.18739624824261 5653.144554590246 82552.69814760704
 82.19579197442239 6756.14821830252 98885.06948904098
 61.81018744457636 3820.499271933665 55462.27500517643
 63.72869793537014 4061.34694053765 59017.64977118276
 4.839063555319183 23.41653609241833 216.4319264843349
 46.76237763506544 2186.719962084469 31408.73769785263
 73.22762548512323 5362.285134189468 78247.62327373517
 99.64860258843477 9929.843997827809 145968.3244526356
 63.75113779111966 4064.207569662325 59059.99104010134
 88.04410898341185 7751.765126682903 113646.4693408668
 14.1504722432347 200.2358647065556 2590.168367247754
 28.72468112319316 825.1073056291293 11523.96900789432
 96.65625678252975 9342.431975210329 137247.5503402955
 95.86795166582179 9190.664156600344 134993.5877304884
 21.44010787763871 459.6782258047854 6262.693521440938
 36.99976541430011 1368.982640713238 19435.75755510665
 64.53244211960367 4164.436085919998 60540.4915882862
 30.79882680952593 948.5677328431732 13314.21977578928
 44.83993562747334 2010.619827075953 28823.4688824746
 94.31431002733113 8895.189075931534 130607.5548055231
 24.200540682154 585.6661693085907 8070.053051255131
 13.24676388695927 175.4767534768484 2245.400249692112
 69.44804425968074 4823.030851494575 70271.78325901821
 13.89751303114675 193.1408684508938 2490.121186942814
 46.19588137958738 2134.059456436908 30633.79817902292
 83.7175795760986 7008.633130080401 102628.1030751854
 28.90031418780233 835.2281601536887 11672.50034359763
 81.04660240065313 6568.551760689554 96108.31129652428
 91.07512632415984 8294.678634961672 121698.5605307136
 9.471293834707833 89.70540690337461 1070.612315307477
 91.89668192889468 8445.000149540438 123928.4537722137
 5.818240494522247 33.85192245209848 343.8116729681594
 27.37833928412296 749.5734619565504 10432.48262688016
 19.91881344890393 396.7591292122362 5363.653662261442
 18.79931501615237 353.4142450765319 4748.210523733624
 54.61152001015104 2982.418117819127 43107.29269357687
 73.47281062207254 5398.253900706936 78780.34356022096
 95.03134505954594 9030.956543826487 132624.7526316952
 91.59867840544329 8390.317885623825 123118.2531866142
 34.55252547138567 1193.877016450755 16882.41310033692
 7.958354860573773 63.3354120868182 721.2317618741561
 22.49205478854465 505.8925286108945 6924.984488039765
 49.22374585572536 2422.97715606904 34878.387264039
 19.41842859745511 377.0753691944625 5083.049777135518
 8.358608227364632 69.86633149856772 808.0034622636166
 11.42687753001033 130.573530085855 1626.200663285054
 80.24019785361988 6438.489351588064 94180.75340428273
 30.37589636301482 922.6950798566172 12940.63281021638
 45.25988495529992 2048.457186166984 29378.86561956028
 81.79318859596845 6690.125700695662 97907.54004632836
 39.43901830200443 1555.43616462584 22159.04414276134
 16.41364548431655 269.407758084825 3557.725643481877
 81.48316094368761 6639.505517374898 97158.05496249707
 45.57639768507592 2077.208025948194 29800.2369688495
 71.1307204296361 5059.57938883905 73771.19934879139
 18.91992546562609 357.9635796248468 4812.850684577054
 81.70981843285131 6676.494428329527 97705.68193347249
 40.92842170419621 1675.135703196519 23910.33009141402
 78.07954177011575 6096.414843031251 89114.57032499416
 88.93227729731743 7908.94994528696 115976.4466068583
 99.15809180799405 9832.327171002578 144518.9617123193
 59.33903453282367 3521.121019287641 51045.85581496351
 20.49484514975846 420.0386777125779 5695.476687357961
 47.28110387402852 2235.502783546675 32122.70926078805
 25.19373852190329 634.7244607100339 8774.725095443184
 48.54441279149297 2356.560013270866 33902.36274971126
 3.966424178005549 15.732520759867 126.4853515280853
 65.31429746306124 4265.957453093248 62038.89591346789
 24.12921811028999 582.2191666139464 8020.611066925155
 43.30064859616826 1874.946168848848 26835.51112320694
 61.43579322228826 3774.35668885176 54780.86347833341
 44.59480207453824 1988.69637206724 28501.70289725985
 33.2197505864257 1103.55182902433 15567.44565508627
 21.40473658420565 458.1627482392316 6238.969606928251
 36.08599154960228 1302.198786117968 18459.57963048157
 11.56119750912671 133.6612878450377 1667.204650891556
 65.92079512607334 4345.551230053735 63216.23892887502
 15.72333331668909 247.223210587705 3245.867088016295
 71.88527973655233 5167.493442802382 75365.35262000523
 14.85750523781914 220.7454618918232 2875.083474152407
 36.64914502907205 1343.159831361956 19057.23840440219
 3.007339442552441 9.044090522731629 56.12484710796794
 13.50802041435602 182.466615514659 2342.130009176542
 15.42200597728592 237.8382683634426 3114.259539836489
 10.54205636697398 111.1349524444566 1361.646185523271
 85.85305658339416 7370.74732471148 107994.5274480041
 87.77504041550053 7704.457719942751 112943.5949050404
 4.945912754365393 24.46205297379427 227.3175381444827
 39.94728115634849 1595.785271784355 22747.6928902219
 19.24575108882795 370.3989349731223 4987.747749531813
 59.90213176847605 3588.265390407868 52037.07954725946
 89.77916573004786 8060.298599183401 118219.7255177404
 14.32009179807002 205.0650291051522 2655.245431544723
 96.09092251167361 9233.465389144463 135629.3820345963
 65.24962188552345 4257.513156203781 61913.82297967099
 7.655592524956838 58.60809690817501 658.6281949202915
 51.45262651835022 2647.372775636837 38178.22733161312
 71.79356015252371 5154.31527937404 75170.20997624398
 95.87524176191424 9192.061982905505 135014.2374856796
 32.30940912291285 1043.897917871764 14697.81519964177
 99.47717981579399 9895.709304103812 145462.8156780342
 25.9852392392032 675.2326583186257 9357.944459742268
 25.9100765838198 671.3320685794072 9302.013780886567
 34.66576120348869 1201.714999817301 16995.00826061028
 58.74486441375451 3450.9590949904 50012.86710804264
 3.273399478244192 10.71514414416935 71.30616924455866
 78.59450409007238 6177.096073164404 90308.91329337342
 7.134731698639056 50.90439641156495 559.1038514121261
 20.69024993252996 428.0864422705561 5811.864561960701
 70.22292129365525 4931.258675014899 71872.21694448063
 99.99904176493493 9999.8083539052 147006.9293661137
 31.29996441263193 979.6877722320251 13765.28726359385
 25.54820422638797 652.7107391932279 9034.00289848584
 47.61287479120978 2266.98584588342 32587.30139099037
 32.03259502365833 1026.0871439497 14439.22101705128
 51.15954659130876 2617.299207428292 37735.43270981545
 73.95817581306822 5469.811769596709 79837.4282805352
 83.57096376348946 6984.105984358468 102265.0723967222
 70.1546866420212 4921.680057840188 71730.98580323474
 70.13440133063048 4918.834250005943 71688.70878536465
 92.12725408023807 8487.430944364743 124557.3933609642
 27.8849356476273 777.5696360723158 10835.66925523849
 32.08095748617139 1029.187833229536 14485.7678830308
 97.50408840760802 9507.047256198641 139690.3906398118
 32.53487883931567 1058.51834108895 14910.36715692625
 84.36131916418891 7116.832171122148 104232.3983867636
 53.46197779128561 2858.183069355915 41278.2599427655
 34.65975198319748 1201.298407536762 16989.96632210418
 65.05362578289284 4231.974227500659 61539.1951140252
 98.25095968052064 9653.251078143292 141862.1427100836
 87.17412680040717 7599.328383413467 111383.3989167602
 20.2160549814598 408.6888790134057 5532.722235427254
 14.21856063973471 202.167466665813 2614.809805548088
 95.17179053015985 9057.669712716624 133018.6005948555
 54.40171997984742 2959.54713676573 42771.16528327414
 98.83362990898289 9768.086400985796 143565.1004586038
 66.7639066044799 4457.419225091715 64867.50709519257
 60.24253771005278 3629.163349747131 52640.38259748877
 4.339189339275555 18.82856412208263 160.8925980669099


